[1, 2, 3, 4, 5, 6, 7] [1, 2, 3, 4, 5, 6, 7] [1, 2, 3, 4, 5, 6, 7] 
[24, 25, 26, 27, 28, 29, 8] [24, 25, 26, 27, 28, 29, 8] [24, 25, 26, 27, 28, 29, 8] 
[23, 40, 41, 42, 43, 30, 9] [23, 40, 41, 42, 43, 30, 9] [23, 40, 41, 42, 43, 30, 9] 
[22, 39, 48, 49, 44, 31, 10] [22, 39, 48, 49, 44, 31, 10] [22, 39, 48, 49, 44, 31, 10] 
[21, 38, 47, 46, 45, 32, 11] [21, 38, 47, 46, 45, 32, 11] [21, 38, 47, 46, 45, 32, 11] 
[20, 37, 36, 35, 34, 33, 12] [20, 37, 36, 35, 34, 33, 12] [20, 37, 36, 35, 34, 33, 12] 
[19, 18, 17, 16, 15, 14, 13] [19, 18, 17, 16, 15, 14, 13] [19, 18, 17, 16, 15, 14, 13] 
[1, 2, 3, 4, 5, 6, 7] [1, 2, 3, 4, 5, 6, 7] 
[24, 25, 26, 27, 28, 29, 8] [24, 25, 26, 27, 28, 29, 8] 
[23, 40, 41, 42, 43, 30, 9] [23, 40, 41, 42, 43, 30, 9] 
[22, 39, 48, 49, 44, 31, 10] [22, 39, 48, 49, 44, 31, 10] 
[21, 38, 47, 46, 45, 32, 11] [21, 38, 47, 46, 45, 32, 11] 
[20, 37, 36, 35, 34, 33, 12] [20, 37, 36, 35, 34, 33, 12] 
[19, 18, 17, 16, 15, 14, 13] [19, 18, 17, 16, 15, 14, 13] 
[1, 2, 3, 4, 5, 6, 7] 
[24, 25, 26, 27, 28, 29, 8] 
[23, 40, 41, 42, 43, 30, 9] 
[22, 39, 48, 49, 44, 31, 10] 
[21, 38, 47, 46, 45, 32, 11] 
[20, 37, 36, 35, 34, 33, 12] 
[19, 18, 17, 16, 15, 14, 13] 
[1, 2, 3, 4, 5, 6, 7] 
[24, 25, 26, 27, 28, 29, 8] 
[23, 40, 41, 42, 43, 30, 9] 
[22, 39, 48, 49, 44, 31, 10] 
[21, 38, 47, 46, 45, 32, 11] 
[20, 37, 36, 35, 34, 33, 12] 
[19, 18, 17, 16, 15, 14, 13] 
[1, 2, 3, 4, 5, 6, 7, 8, 9, 10, 11, 12, 13, 14, 15, 16, 17, 18, 19, 20, 21, 22] 
[84, 85, 86, 87, 88, 89, 90, 91, 92, 93, 94, 95, 96, 97, 98, 99, 100, 101, 102, 103, 104, 23] 
[83, 160, 161, 162, 163, 164, 165, 166, 167, 168, 169, 170, 171, 172, 173, 174, 175, 176, 177, 178, 105, 24] 
[82, 159, 228, 229, 230, 231, 232, 233, 234, 235, 236, 237, 238, 239, 240, 241, 242, 243, 244, 179, 106, 25] 
[81, 158, 227, 288, 289, 290, 291, 292, 293, 294, 295, 296, 297, 298, 299, 300, 301, 302, 245, 180, 107, 26] 
[80, 157, 226, 287, 340, 341, 342, 343, 344, 345, 346, 347, 348, 349, 350, 351, 352, 303, 246, 181, 108, 27] 
[79, 156, 225, 286, 339, 384, 385, 386, 387, 388, 389, 390, 391, 392, 393, 394, 353, 304, 247, 182, 109, 28] 
[78, 155, 224, 285, 338, 383, 420, 421, 422, 423, 424, 425, 426, 427, 428, 395, 354, 305, 248, 183, 110, 29] 
[77, 154, 223, 284, 337, 382, 419, 448, 449, 450, 451, 452, 453, 454, 429, 396, 355, 306, 249, 184, 111, 30] 
[76, 153, 222, 283, 336, 381, 418, 447, 468, 469, 470, 471, 472, 455, 430, 397, 356, 307, 250, 185, 112, 31] 
[75, 152, 221, 282, 335, 380, 417, 446, 467, 480, 481, 482, 473, 456, 431, 398, 357, 308, 251, 186, 113, 32] 
[74, 151, 220, 281, 334, 379, 416, 445, 466, 479, 484, 483, 474, 457, 432, 399, 358, 309, 252, 187, 114, 33] 
[73, 150, 219, 280, 333, 378, 415, 444, 465, 478, 477, 476, 475, 458, 433, 400, 359, 310, 253, 188, 115, 34] 
[72, 149, 218, 279, 332, 377, 414, 443, 464, 463, 462, 461, 460, 459, 434, 401, 360, 311, 254, 189, 116, 35] 
[71, 148, 217, 278, 331, 376, 413, 442, 441, 440, 439, 438, 437, 436, 435, 402, 361, 312, 255, 190, 117, 36] 
[70, 147, 216, 277, 330, 375, 412, 411, 410, 409, 408, 407, 406, 405, 404, 403, 362, 313, 256, 191, 118, 37] 
[69, 146, 215, 276, 329, 374, 373, 372, 371, 370, 369, 368, 367, 366, 365, 364, 363, 314, 257, 192, 119, 38] 
[68, 145, 214, 275, 328, 327, 326, 325, 324, 323, 322, 321, 320, 319, 318, 317, 316, 315, 258, 193, 120, 39] 
[67, 144, 213, 274, 273, 272, 271, 270, 269, 268, 267, 266, 265, 264, 263, 262, 261, 260, 259, 194, 121, 40] 
[66, 143, 212, 211, 210, 209, 208, 207, 206, 205, 204, 203, 202, 201, 200, 199, 198, 197, 196, 195, 122, 41] 
[65, 142, 141, 140, 139, 138, 137, 136, 135, 134, 133, 132, 131, 130, 129, 128, 127, 126, 125, 124, 123, 42] 
[64, 63, 62, 61, 60, 59, 58, 57, 56, 55, 54, 53, 52, 51, 50, 49, 48, 47, 46, 45, 44, 43] 
